A SVETONIO ΜΕΜΟΒΑΤΑΒῊ

’1111011001 326, 10
1110011010180, l
Theognis 10, 7
Theophrastus 6, l
1110111 122, 5

1111111110 253 l
τρύγητος7, 5
τρύξο, l3. 7, 4
1011148, 10 “
1111112440 .

555

ll. 1111101111 2101101118,
6 Ρ101101138,6. 130,
4. 7. 140,4 1111105

narrationum 10111οο11

. antiqui 110, 8

010100111201321,0 11011110 106,1 010010 vapores maris 220, oo

Thracias 232, 6

thrascias 220, 1

θρῆνοι 10,1

’1110111101 ager 356, 6

’1100013601

1100110146, 5. 66, 2. 88,
2.5.113,10.116,15.

80, 5. 81, 1. 2. 4. 6. 7.

101110 227, 1

84, l. lausannam. Q. Vargunteius 101, 0

135, 10. 136, 2. 205,

Vargunteius 138,·6

2. 352, 1 111 1111101113 l'arlna 43. 10

1111111111 111, 14 11011- Varro 1. Terentius
5111011118 11113Τί- 111101111101 107,12. 14
11111011 123, 50111111· mlum 204, 0
1111116111012111111-11111111 Pitilooomus 101,

65111111011011110,111011-,0111125419
11112,11001111,11· (0.)01101030,1111111011 1001110100 344 3
111 12, 9 pylhwlicue 34,1 ente vault, prior 11111
12, 8 11.’10111111111 135, 10 286,11
T¹b¹¹¹i¹¹SV 331108 ’10111111Τί10136,2 1’1111340,10. 10. 20.
111111111101010117.16 Tullus Hostilius 310, o, 23. 25. 20. 3412
7100111000110147 23 334,5 , 1’011111110111162,1.163,
’1111311103 13133 13 10101,1001203,10 1.215,5110011110111-
1001, 11111203, 1
Turpilius 37, 3 101 11εο0111147, 12
turpis 203, ll Ventidius 8111013553
10111130, 18 ’101111111- 1111011227,10 1011011110
Μ.’1111001111123.5 11110 320,2 duodecim 01111111 11
'litus (Silvius) 317 ll 11111101101111831 100, naturae 2286 011011
111011’11111318,0 21 reg 1111101232, 3 .
10311211 Tusculanum 110, 0 Venusinus 44, 3
togatae 11111110 13,9 Tusculum 112, 10 111173, 23. 174, 4.,3308
Tomi 40, 3 10101111 336, 5 111101204, 17 ·
111101135, 15 1010101208, 3 101311111220,0
10111101 222, 7 2231· 10 ty raauioida 51, 13· Vergiliuslnaro 43,5 Ver-
1011111111 320, 0 1111110101 332, 7 gilius 5, 12. 42, 4. 43,
L, Torquatus 48, 4 3. 7. 8. 1043, 10. 50,
1011111214, ll 11312431 7.86.2.113,6. 117,
1011011283, 13 111,11(1112041 12. 134, 13. 138, 71
11111111011111266, 6111- 1111110250, 2 100, 0. 210, 10. 221,
5011003001101111206,1311111101 Cato 100. 5 1012311111110,
2 111111010111101,10 1. 236,8. 10. 238,3.
111011111110, 7 103, 14 0110103, 13. 243,21111115,12.10.
tragica 5, 14 100,12.10.23.110.0 14 Aeneidos 11111146,
tragicae tabulae 5,5 · libello 1111 111 11111101 11 10 110111111141,4.
tragoedia 5. 16 indignatio 100,6 Diana 117,11 culex 50,0 gr·-
5010101315.ιῖ tantulam Lyrlia orgiea 10, ll georgici
1101611111274, 2 100, to. 17 5,8 10 georgicon se·
1111130127311 01“1111111101111110130,5 0111306, 0 ingeorglcir
τρίπρατος274, 1 Catullus 20, 1. 30, 7. 20, 13. too. 11110101
τρισεξῶλης273, 11 134, 5 113011101143, 12
τρισκεκορηιιενος 2743 1111101101 110111111101018111131 1ὲ11111285
Verona 9,
Messala Corvinus 83, 3 Veronensis 43, 1
4111111011010111011 1111112402
Μ. 1101111111011113, 10

tigrides 247, 4
11111101 332, 6
timor 270, 7
titiane 254, 1

101216, 5

τρισοιζυρός 274, 4 13

triumphare 283, 3
triumphas 147. 1
110011111111131111338, 11 10312 ’
11011310, 11 1.. Valerius Primanus
Troialusus3lll,l 128,4 ·

Vernus 1111111 1 14,13.
354, 1 1011101114,18

 

