511 1115511 anavus

358, 8. 3001. 51115111· Aristarchus 100, 11. 111,Ι ἡ 511151111Ἆο5νᾶ 3251 17

111 111, 13 12. 138, 7. 17 130, 2. Athenae 8, 1. 51, 2. 81,
111. Antonius Gnipho 105, 5· 10 2. 95, 8. 107, 22. 112,
1215155111101115115100, 11111155115511(55151151)0, 13. 130, 3
10. 108, 1011551515- 15. 325, 5. 327, 15 Athenienses 130, 2. 138, ,
1511111111 Latino sermone Aristophanes (grammati- 10. 325, 10
100, 3 151) 139, l 1111111131, l
Antonius iulus 111, 12 Aristoxenus musicus 3, 2 Atratinus 81, 5, 123, 13
Μ. Antonius Liberalis armamaxas 335 3 Atta 1. Quintius
120,1 Arpinum 80 5 1115151111100, 15
anus 100, 5 Α1151151151111511300,8 Animam
5115551111115155151115,1 5111115 272 1. 2 11111117, o 1111151111 At-
aparctias 229 1 111551111317, 1. 11157,13 .
apeliotes 220 0 0511551511211115115192,1111151111,11.112,10
.5511251,1 3 ,Aeolis Numidarum rex
apex 2118 2 Α1153211.13,1. 105, 315, 0
ἀφανὴς 5515121152 1 315, 1. 332, 0 Α1111115111(515111)21, 7
551511111111151211, 8 Asianus 10, 4 Aventinus (8111·11111317,
αποκοτταβίζειν 320 8 51151210 1 11
115511532523311,1.0111515105115118,5.511551511115111115111515111
312, 8 80,1 Asinius Gallus 200, 1
Apollodorus Pergamenus epig rammatellii, 19 155111111111,0.15,0
82, 3 1111515115111582, 10. 80, 17, 0. 18,0. 82. 1. 91,
pologr 12117 1.108, 2115 1111155115 l 113,2.15. 111,
15551111287, 1 851151111111151511511· 17.115,3.110,1.121.
1151151525,233,0 11151111 108, 3 Asinius 7.121,10.101,8.211.
155151181111111)31710 115,1111111511511 1. 315. 9. 319, 3. 300,
. 55112181 nooripru 51πὸ 5135555 1 58051151 Augus·
Aprilis 103, 10. 109, 2 καιχ51155551151551151358, 8 511 11115111
L. 15511151102, 13 να 321 2 (11115152) tumne-a-
5555 200, 7. 201, 3. 1. 0 5155515151 σκύτινα nol vienus Angustus 131.
Aquila 1111111111 1115111115- 5515511115 321 3 12.101,515111515153
1111301 51115111280,15 11515111111115, 11. ts.
55111151250,1511,·1 11511151 310, 5 10, 1, 0. 17, 7 511 ,1151-
555115 2211, 3 51151111111137,10.1301 111151111111·1·151515,7
Aradus insula 359 3 asteris· 1111 enm obelo ,11151111111111151111015
Α151111 230,1 phaeno- 137,10 139, 5 7. 100, 3
111111510111151151111 51515555151320, 11 511 1115 minutissimae
111551131 11 51515111 320, 15 253. 3
5111111511 281,5 5515511320, 15 111111111270,7
Arcadia 28,3. 32,15 astrologia 111 ll aum-23:73
Archelaus rex 9, 57 Ataxviens 30,8 Aurelius 05111111 105, 1
Archilochus 10, 10. 10, .111151055115108,1.110, 1151111111 105,10.111115·
19 27-,1 1 15055115110,17 111111111111115111111051)
51111111111132, 13 1,. 111111111211115155111107, 111 5111111111111111 11111111
αρχ551551505ς273, 1 22 Ateius Philologus 5111 1511111111111 pinax
α’ρχολίπαρος 273, 3 100311115112151111- 195.10 ’
ἅρχος 273, 7 1111111108511111151111111 aurigarum in eireo eolo·
ap 11151201, 8 11151511511151151111111081·11330,3
arctophylax 210, 81111- 22151115111153111115111 ,1111511100 tt
551511151210,0 Ι1111115111108,8. 18111- 5111111· 230 3
5111111111 210,1 111511111511111111111181111115111111 230, 0
515111225,0 20515111 ‹hinnierunt-rue ,1111111111 en 111,3
Arelatensis 128,8 111111111111118,21 51111111511111117·1,. ’2 1,71, Ι,
argestes 231,5 1111111111, 12 1712 3111, 1.1
315111533812 Α111111111113,15.11,13. 51111111112121,55.11·.2111,
5111111219,2 10,1.38,1 75111555151 205,2

 

