1 8118181118 188888118811 645

aquilonius 204, 8 aas· Q. Caecilius Epirota 112, 081881888118811881133, 1
118118 206, 1 681888 16. 8868181136 08881118 111,2. 360,3
204,7 881188 206,1 Statius Caecilius 26, 6 0888188 8888188 87, Ι.
Caecilius 28, ll. 26, 3. 116, ll
. 33,11181816118347,17 088181 338, 3 08818188
lucebitis 346 8 tt. 0881188 18 81811888 818 336, 2. 343, 2

6111818246, 3 88118 81123 1261 Coe· 8818888888 122, 6
Baleares insulae 88, 1 1111881881813866088- 8816801834116
barbarismus 261 6 118884, 6 081824, 6. 112, 12
6811118260, 3 caeli conversio 202, 10 8818112601
basilica 346, 4 basilica septem 81688216, 10 Catullus 26,1
18118 86, l. 357, l partes 202, 1 sphaera Catulus 8. Lutatius
6886811260, 1’ 262,11’88811111881 eae- 8881118 247,6
hl. 88818841, 4 888188 lum 162, 3 summurn 8888811888111811181116, 12
41, 6. 7 8881818 216, 7 census 316, 7
6868111246, 3 Caelum 3311. 6 88188130, 17
6811818 818118 60, 6. 81, caena 148,8 881888188138,1.140,14
10.121,4 088881 v. 181188 certamen quinquennale
Beneventanus 106, 17 0818611 43, 14 60, 4
beneventum 167, 18 88- 08186118 366,2 88181248,2
8118111811 107, 18 08188811118888126, 7 L. Cestius Pius 127, 7
88181188 118, 0 8861888136,1 Chaldaei 162, 1
61611888188136, 18 881818136,4 86181 18 (8818) 138, 3.
bibliothecae 136. 132, 14 calceamenta patriciorum 141, 1
bibliotheca Palatina 268,6 qcllunzoc 273, 8
116,8616118111888818 hl. Calidius 81, 16 0811· χῶραι 8888811181 328 6
68188188 porticu liat 11188 82,3 choraules ll, 26
bigae 338, 8 Callimachus 18, ll ἡ τῶν uosqmvz 88118
' bisextus 1716Ι 268, :tt 0818888111 63 3 361,1 326, 13 ·
811688 346, 8 0811188188 (8118188) 317, 86811 11, 14
βλασφημίαι 8πὸ 11816- 10 86818822, 4
88827310 8883818618316, 4 86118816, 7
blatterare 246, 2 8881182601 Chryses Phcuvl 16, 7
6818611818 264,1 88818888881188267 6 0618888888881, 2
68816118 264, 1 18818 11818181 81181264, 3 018818 v. Tullius
bootes 216 7 88818 (aidus) 221 6 81881188 264 l
8888818881838, 4 0. 0188111188 124,11 81888188 261,2
nemeaea 3 8881818262,1 0111818 232,6
688 loeutus 368, 6 68888 cantica 11, 11 Cilix 22, 3 0111888 piratae
246, 1 881181887,6 366,1
681188 220, 3 0881181188 342,2 cingnum 8861881818 rex
βραχέα 243 2 Capitolium 320 l. 3 166, 2
6188111243, 2 088883881841, 6 0188810618.133,11
8188318188836, 1 Capys (8118188) 317 10 2181188114, 08
8188318188143, 10. 122, Caranus 315 7 0118833612
16 88168888 232 6 81181118 226 1. 232, 7
818111888381366, 6 88188188 320, 6 81188188 aequinoctialia
hl 81111118 44, 1111, 1 8813188888811262, 71688· 167, 1. 168. 2811811888
818188 136, 12 11134114 166, 67. 200, 3811·
818188 praetextatu 15, 10 Carinae 112, 6 1881111888 166, 81188-
11. 81811 818188 127 3 881188 131, 688118 Au τικός 160, 6 austra-
881888188166,16 8118188131, ll. 132,2 118 167, 2. 166, 2. 7

888111816,4 Corneliana 162, 4881 88831888161681188-
88181188 132, 661818- 81888 106, 7618188118

818132,11.1818118132107,188818811118118111
68888316,6 18811188 132, 4 Tae· 166,6.166,2.6881·
cascianum 8181188132,3 811118118167,1.166,6

suenoni 11111.. 35

 

