usvarcruo 1001100111ον0 040

101100 Suavis 267, 12 cartusienses! Livius 22, 6. 100, 010
10010000111006, 4 (101110 1010011328, 11. 320, 7 Odyssia 347, 011.
07,1 10101320, 7 348, 0
luurus Gracchanus 1683 1011111160, 0. 166, 7 210. 01110080110010123, 1
lupinos nppusis 164, 3. 4 1622οἰ 8. 13. 232, 2. lucifer stella 162, 1.’ 210,
16 , 31 ,1 10
luno 164, 3. 338, 13 Latinus 316, 0. 12. 317,2 C. Lucilius 37, 6 Lucilius
iupiter 342,2 cy nns336, Latinus (Silvius) 317, 0 20, l. 0. 37, 0. 112, 3.
3 Feretrius 384st lc· 1011010 200, 1 = 138, 0 iu primo 21, 8 ’
vis stella 161, 6. 163, latrinae publicae 01, 7 in quarto 348,7 10 uu·
2. 216, 6 annus syno- Lavinium 317, 3 decimo 3411010600-
dicus 217, 0 Laurentinus 0101316, 3 1100111107,70010100101,
iura 278, 3 lautumiae 320, 0 8
1010010, iuventus, iuven· lecticae 307, 3 Τ. Lucretius 38,6 Lucre-
tus 274, 10 legatariae editiones 334, 1100 0, 0. 16, 10. 138,
16 7. 224, 2. 227, 11.’
legatus 277 7 247,2
kalendae 166, 3. 4. 7 leges 273, 3 Lucretius Cinna 43, 10
1101πο01026οΙ 10310278, 7 Lucullus 130, 11
11001300οι1. 27, 2 Lenaeusv. vl'ompeius 1001110027810
110100 327, 16. 328, l leogoras Syracusanus ludicrum 278,10
ἰ013ὸῖ13οωῃᾶ5 ² 10000111332334 - 13330833333410111000111
31331310, 1. 01, 1111111021 1239 1331303331
10 100006103210 12 circenses 834, 22.
11010018, 6 101100(1).110110000102,11 337, 8. 340, Bconpita·
κόσμος 104,1 paupir 1011010111ιο 308 10 Plue- licii 8,2 florales 334,
060000104,2 10110143, 6 legladictonistusls-
κόῗαῧος, 328, 11. 320, lex ssltprp ἓ ,Ῑξ 1101οΞ 1334.1 {Upppalcpl-
appella 320, 10 333011)μο10164 333, 10 1308010001οι 334. 12 ss-
secrctamsecretam, 1 Ltbcr 34018 20.27.01101111000100334,18
0060132310660061χὸς 28. 20 341, 2 scaenici 340,1. 0. 26
1111013101 1100101106,4,7,0.333 Το1011334, 31101110-
0000100100327, 11 9. 340, 26 “ 1007,10 ,
1160003207 liberi 277, 101100101010 Lugdunum 84,2
0681111100, 1 1030111201, 2
librarii 134, 18. 20 lulligines 234
Laberius 40 1 libri sacri Aegyptiorum 1010161,2. 16260001-
lacerare 177 2 132, 2 10236, 6000111110 semis
Laches 10, 12 librorum moduli 133, 7 210,000101011001100
6. Laelius 27 4. 11. 28, 1101000110010016010134, 213, 3110001100 00000
4 30,3. 12. 31, 2. 11. 4001100010 134 0 110001010 210011100-
33, 7 Liby 0310, 2 01010211,1110110000-
100110οΑ101101000101,7.0 Licinius 34,1 nus synodicus 217, 2
Laelius 11011000 108, 8 L. Licinius 0000011204 cursus 211, 1 eclipsis
Hermas 108, 18 11010100 Macer 168,1 213, 1 1010100 210,4
1000026112 1100231, 3 lumen 208, 0 nutura
1001100267,14 111101011103.6 7. 10. 20 210, 1000110210, 0
lampada177‚3 litteratores 103, 11. 13. Luna 338, 7
1011010010 277,3 16, 21 Luperci 160, 4. 333, 0
laniare 277,1 11100224, 0 10111248, 1
100011000101,12 1111111322 1011110201, 2
100110101010 Τ. Livius 0,1 71111100 1110110, 1110110277, 4
Lares 333, 10 01, 8 1010010172, 3
laridum 272,2 Lurius Andronicus 10, 2 1110003330

 

