t 01010100 0010011100 547

139, 13 supano obs· 17,5. 20, 8. 15, l. 26. G. Fannius Strabo 110, 13

1010138,2. 140 24060· 1. 3.,36 1. 100, 6. 16 Faunus rex 316 6
1100000137,11.140,138,5.102,30000100 10100100131, 1

10 001100630000 137, 17, 7 101, 6. 106, 13 106100000101000100100

ll. 140, 5010100060- 60001017, 9 165, 4,

1100000 138,1 aversa huntus posterior 100, lt 1111100110016546169,
050110000010010140 600030100616100131100 l. 310, 3
’10010100 cnm aversa 101001100100,116061- 1011102475

138,2010100050110-10110 syllabisque libri Fenestella 26, 8. 17, 5.

01000140, 22 10010 01 600 160, 9110 1001110 92,1.168,2

aversa superne obela- 100, 10 100110010285,1

tae 138, 2. 140, 26 enuntiativum poenrab 1 60110(0010)138,31413
disputare Latina extem 100100110161333601010 6600 32) 10

0010113, 5 167, 3 6301110121, 10
dissignator 0000100340 11ρί0101008, 8 6111277, 10

7 Epicurea secta 106, 7 6010 292, 5
dissimulare 290,1 Epicureus 105,1 601100110253 2
diverbia 11, 8 Μ. Epidius 1219801611ιο 1101010214
P. Dolabella 357 69010 124,13. 14 630160 320 0
50613576(1.60100· cEptdtus Nucerinus 124, 600100 6011100110 334, 1
lius) 14 600100026713 ·
Domitia 89 3 031310000345, 12 600100 caesus 244,1
Cn. Domitius Aenobarbtrs 00131000010413 60000 144, 5

120, 3 1010600101274, 6 60011001 243 5
6001110061018913 resequestrabat, 8. 340,3 1006110276, 13
Domitius Marsus 107, 7. equi 249 1. 338, 4 10110(1111101010)1356

113, 7110011100Ι 10 oi· Equitio 333, 14 1000100001 816

enta 41, 6 Erichthonius 338, 8. 10 Foroiuliensi-s 42, 5
donativum 310, 10 sere 1000160048, 0 lorum boarium 316 8

1001000319, 5 Etesiae 2417.,242 4 1100010 247 14 ’
dramata 10 3 ethologiae 104, 3 11004010 248 Ι. 151, 2
δραματικὸνροο1004, 12. Etruria 331, 6. 333, 1 1101001241, 9606110000

5, 3. 13 1036011018,11.324,4 242, 10 Siculum 141,
610000102512 6000110315 10
1111061010 250,·2 101101600051010160 1110301110251, 1
91000046,5 010160001010001325, 1111100110 254 2

ductus simplex 131, 10. 8100100 327, 8 11000010000511000320 ·

139,8 0011000337, 4 7
euroauster 230, 6 1013010223,2.5.7. 10.
1010110315, 1. 3 224, 4 225, 2
860100660111000102, 14 1001002301 fulmina 123, 4. 8 11.
01031018, 6 11113110κό1 000005, 1. 124, 3. 10. 225, 5
0103 inea 16 5 7.16, 5 1011101151
elementa 00061 193, 2 exilia 320 0. 10 Pulvins 168, 03
200, 500100 000100- 01101100102875 11101110060111601331
nlo 201, 1 01601001 01-11. Furius Bibaculus 303
0000010100 225,0 010 Furius Bibaculus 103,
aurigarum colores de· Q. 105100 Labeo 31, 14 13 Bibaculus 20, 2. 107,
6100113303. 11 16. Fabius Quintilianus 1016010608
elephantes 250, 3 129,500101160000129, Furius (Philus) 28, 4. 33,
elephantina 0010010 133, 7 7 Ρ11110027,11
16 fabulae 10, 4 Furnil pater et 61100 82, 8
011111010311111324, 15 100100 205 10 1001003209
Empedocles 16, 10 lacinus 291 1

000110111001300100412.1000313
5, 7. 16, 5 610101610010500003601001062310

(1.1100100145600100 51035810 6015032535

 

